000007
000020
000030
000050
000101
000125
000134
000159
000169
000177
000200
000257
000275
000285
000305
000320
000331
000352
000372
000396
000419
000438
000468
000480
000500
000530
000545
000590
000653
000694
000739
000810
000828
000860
000885
000915
000948
000991
001028
001057
001079
001097
001145
001185
001234
001258
001268
001290
001311
001337
001364
001408
001427
001460
001485
001498
001523
001544
001563
001618
001640
001682
001693
001749
001766
001797
001806
001833
001849
001881
001930
001938
001945
001963
002019
002082
002120
002145
002170
002176
002187
002220
002233
002272
002290
002307
002332
002343
002378
002401
002413
002444
002480
002501
002534
002564
002589
002641
002658
002675
002693
002714
002755
002804
002833
002858
002881
002912
002917
002937
002958
002987
003023
003051
003064
003118
003138
003150
003175
003188
003214
003258
003282
003301
003344
003362
003376
003391
003422
003435
003469
003496
003530
003551
003580
003603
003638
003655
003690
003708
003749
003760
003806
003826
003863
003889
003932
003970
003987
004010
004017
004060
004089
004110
004138
004169
004223
004231
004270
004287
004304
004329
004359
004367
004386
004424
004471
004495
004519
004535
004605
004631
004673
004732
004786
004808
004832
004850
004868
004898
004928
005919
005938
005956
005985
006004
006018
006062
006104
006133
006156
006171
006179
006198
006224
006236
006272
006284
006296
006341
006355
006381
006398
006427
006445
006459
006482
006492
006529
006560
006583
006593
006611
006626
006647
006664
006682
006698
006714
006727
006738
006762
006784
006808
006833
006840
006866
006887
006909
006919
006934
006950
006981
007003
007023
007045
007090
007121
007140
007167
007187
007227
007260
007298
007325
007359
007388
007424
007468
007490
007535
007558
007568
007579
007601
007611
007629
007657
007687
007699
007735
007760
007779
007798
007814
007843
007884
007915
007964
007987
008001
008023
008037
008048
008072
008087
008125
008142
008175
008216
008248
008281
008296
008327
008368
008385
008410
008452
008470
008529
008559
008582
008596
008612
008644
008676
008699
008727
008750
008794
008833
008867
008921
008944
008969
009005
009034
009053
009079
009106
009128
009160
009184
009208
009236
009282
009290
009316
009336
009362
009393
009412
009434
009460
009490
009504
009542
009558
009573
009596
009618
009654
009668
009691
009712
009729
009738
009756
009776
009789
009809
009828
009841
009863
009878
009882
009904
009926
009958
